1.000000 1.993750 3.993750 7.668750 15.043750 27.381250 47.437500 71.650000 92.637500 99.187500 
0.000000 0.019764 0.019764 0.476942 0.719912 1.028437 2.186408 3.000029 2.009483 0.750000 
43.337500 75.475000 73.081250 91.206250 94.287500 96.775000 98.768750 98.668750 99.668750 99.537500 
21.551883 19.693996 26.414663 6.362191 3.806883 2.926650 0.744220 0.881449 0.110436 0.241523 
1.000000 1.993750 3.693750 26.156250 23.318750 48.818750 68.800000 82.150000 99.487500 99.618750 
0.000000 0.019764 0.672145 38.656689 26.803465 35.061880 26.502765 15.229386 0.214087 0.189686 
42.381250 74.418750 72.237500 90.125000 93.250000 95.956250 97.881250 97.750000 98.793750 98.875000 
21.542542 19.576263 26.425156 6.426737 3.815857 2.908926 0.804960 0.868528 0.106434 0.174304 
0.062500 0.125000 0.250000 0.493750 0.993750 1.962500 3.918750 7.581250 14.793750 27.456250 
0.000000 0.000000 0.000000 0.019764 0.019764 0.043700 0.051455 0.114299 0.239447 0.414630 
0.062500 0.125000 0.250000 0.493750 1.000000 1.968750 3.931250 7.600000 14.850000 27.462500 
0.000000 0.000000 0.000000 0.019764 0.000000 0.044194 0.054725 0.114867 0.234224 0.323017 
