0.993750 2.000000 3.975000 7.468750 15.050000 26.912500 48.912500 72.700000 92.237500 99.225000 
0.019764 0.000000 0.032275 0.534609 0.994254 1.482010 1.606249 2.749021 2.711985 0.515557 
37.281250 65.618750 84.000000 87.106250 96.250000 97.050000 98.331250 99.081250 99.562500 99.643750 
31.832723 21.959785 17.304037 8.697015 4.381047 1.451113 1.696875 0.833880 0.422870 0.138350 
0.993750 1.993750 13.562500 7.668750 48.893750 27.406250 57.931250 87.643750 98.737500 99.650000 
0.019764 0.019764 30.239280 0.478759 43.625657 1.047173 22.151437 15.475480 2.786344 0.094097 
36.300000 64.712500 83.043750 86.212500 95.250000 96.112500 97.300000 98.168750 98.675000 98.956250 
31.782925 21.928708 17.251637 8.703507 4.442534 1.408617 1.694763 0.766627 0.354534 0.181740 
0.062500 0.125000 0.250000 0.500000 0.993750 1.956250 3.943750 7.575000 14.837500 27.368750 
0.000000 0.000000 0.000000 0.000000 0.019764 0.059293 0.046117 0.143735 0.234224 0.377825 
0.062500 0.125000 0.250000 0.500000 0.987500 1.962500 3.931250 7.575000 14.825000 27.350000 
0.000000 0.000000 0.000000 0.000000 0.026352 0.043700 0.062152 0.127748 0.289875 0.457575 
