0.987500 1.993750 3.993750 7.875000 14.843750 26.918750 47.500000 70.806250 92.825000 99.331250 
0.039528 0.019764 0.019764 0.309008 1.257012 1.967190 2.643289 2.361888 2.379528 0.614530 
56.587500 53.968750 82.193750 83.943750 92.225000 96.856250 97.312500 99.018750 99.681250 99.643750 
35.757092 24.074524 13.711830 12.511503 7.189655 2.440979 2.072890 0.853430 0.148634 0.131926 
1.000000 1.993750 3.881250 7.581250 23.606250 35.243750 57.175000 87.631250 99.643750 99.562500 
0.000000 0.019764 0.311038 0.688478 26.717709 22.639679 22.477280 15.429906 0.135176 0.265165 
55.612500 53.100000 81.237500 83.062500 91.318750 95.868750 96.431250 98.062500 98.731250 98.775000 
35.749051 24.133853 13.699839 12.470764 7.163605 2.424995 1.976522 0.823378 0.228313 0.228598 
0.062500 0.125000 0.250000 0.493750 1.000000 1.981250 3.937500 7.606250 14.831250 27.375000 
0.000000 0.000000 0.000000 0.019764 0.000000 0.030190 0.051031 0.176899 0.230206 0.318689 
0.062500 0.125000 0.250000 0.500000 1.000000 1.975000 3.931250 7.606250 14.843750 27.375000 
0.000000 0.000000 0.000000 0.000000 0.000000 0.043700 0.046117 0.150376 0.294996 0.310410 
